Logical Operation :
>> A&B

ans =

     1     1     1
     1     1     1
     1     1     1



>> A|B

ans =

     1     1     1
     1     1     1
     1     1     1
>> -A

ans =

    -1    -2    -3
    -4    -5    -6
    -7    -8    -9

>> ~A

ans =

     0     0     0
     0     0     0
     0     0     0

B = 1;
A = 13;
x = (B ~= 0) && (A/B > 12.5)

x =

     1

>> x = (b ~= 0) || (a/b > 12.5)

x =

     1
